0 0.196221 0.572997 0.280039 0.267442
0 0.406008 0.376615 0.259690 0.200258
0 0.516957 0.438630 0.289729 0.226098
0 0.765019 0.579457 0.254845 0.295866
0 0.490310 0.782300 0.329457 0.427649
2 0.781977 0.378553 0.108527 0.124031
2 0.312016 0.587209 0.063953 0.156331
2 0.341570 0.621447 0.033915 0.201550
2 0.257267 0.421189 0.109496 0.085271
2 0.357074 0.324289 0.128876 0.082687
2 0.732074 0.371447 0.033915 0.094315
2 0.702035 0.356589 0.049419 0.105943
2 0.651163 0.330103 0.129845 0.083979
2 0.615795 0.321705 0.142442 0.074935