0 0.303779 0.245478 0.260659 0.173127
0 0.622093 0.231266 0.271318 0.188630
0 0.216570 0.452196 0.365310 0.307494
0 0.531977 0.408915 0.244186 0.236434
0 0.836725 0.512920 0.318798 0.291990
0 0.461240 0.688630 0.341085 0.291990
2 0.326550 0.379845 0.089147 0.100775
2 0.338178 0.474160 0.096899 0.116279
2 0.385174 0.497416 0.179264 0.103359
2 0.695252 0.399225 0.033915 0.131783
2 0.525678 0.370801 0.033915 0.103359
2 0.484012 0.376615 0.043605 0.130491
2 0.455426 0.372093 0.046512 0.142119
2 0.658430 0.322997 0.148256 0.051680