0 0.519864 0.210594 0.212209 0.222222
0 0.828004 0.248062 0.338178 0.325581
0 0.283430 0.456072 0.175388 0.232558
0 0.527132 0.421189 0.263566 0.250646
0 0.303295 0.677649 0.242248 0.357881
0 0.617248 0.697028 0.352713 0.456072
2 0.518411 0.390181 0.052326 0.108527
2 0.365310 0.554910 0.034884 0.122739
2 0.469477 0.591085 0.090116 0.210594
2 0.415698 0.616925 0.023256 0.158915
2 0.479167 0.433463 0.095930 0.096899
2 0.462694 0.441214 0.090116 0.081395
2 0.373547 0.491602 0.123062 0.060724
2 0.421512 0.456072 0.071705 0.124031