0 0.209733 0.612403 0.380706 0.291990
0 0.540482 0.686693 0.373816 0.290698
0 0.827304 0.522610 0.213609 0.210594
0 0.732558 0.206718 0.320413 0.281654
0 0.282084 0.270026 0.397933 0.279070
0 0.549096 0.429587 0.311800 0.166667
2 0.505168 0.598837 0.120586 0.081395
2 0.622308 0.591731 0.141258 0.069767
2 0.660207 0.550388 0.082687 0.147287
2 0.462102 0.517442 0.048234 0.120155
2 0.416451 0.564599 0.125754 0.108527
2 0.530146 0.414083 0.163652 0.063307
2 0.525840 0.458010 0.199828 0.024548
2 0.505168 0.476744 0.189492 0.023256