0 0.401163 0.230620 0.273256 0.208010
0 0.734981 0.194444 0.274225 0.205426
0 0.227713 0.540698 0.356589 0.347545
0 0.574128 0.356589 0.280039 0.183463
0 0.870640 0.490310 0.258720 0.326873
0 0.549903 0.709302 0.435078 0.519380
2 0.630814 0.233204 0.131783 0.076227
2 0.554264 0.329457 0.124031 0.067183
2 0.676357 0.493540 0.098837 0.175711
2 0.632267 0.538760 0.150194 0.134367
2 0.501453 0.529070 0.103682 0.120155
2 0.484981 0.427003 0.018411 0.135659
2 0.545543 0.377261 0.164729 0.028424
2 0.531977 0.392119 0.176357 0.021964