0 0.167528 0.400517 0.265289 0.289406
0 0.459518 0.218346 0.370370 0.294574
0 0.868002 0.397933 0.263996 0.312661
0 0.454350 0.520026 0.401378 0.308786
0 0.677433 0.647287 0.396210 0.348837
2 0.821275 0.801680 0.239449 0.063307
2 0.836779 0.739664 0.208441 0.148579
2 0.502584 0.802326 0.270457 0.067183
2 0.344961 0.717700 0.230835 0.122739
2 0.099483 0.618863 0.170543 0.183463
2 0.172696 0.627907 0.044789 0.136951
2 0.224376 0.637597 0.089578 0.145995
2 0.288975 0.693798 0.229113 0.100775
2 0.697244 0.358527 0.022394 0.171835
2 0.651593 0.343023 0.099914 0.200258